sample	gene	n.umis	n.tot	efficiency	depth	loss	n.obs
	FBtr0070065-M	8	8.64162057470874	0.623307842500338	5.48547733569134	0.0742477142061241	8
	FBtr0070119	32	34.8611442109288	0.55252317605875	5.35001532662128	0.082072584698235	32
	FBtr0070158-M	4415	4734.37987052996	0.708967397065373	5.19367524098557	0.0674597052336246	4415
	FBtr0070234	33	35.167333530322	0.741671705139903	5.60440507143782	0.0616291686844338	33
	FBtr0070269	18	20.2972995500439	0.443994826740114	4.96373031018873	0.113182521861088	18
	FBtr0070345-M	34	36.8539767077858	0.550429888130878	5.53047915218369	0.0774401289286869	34
	FBtr0070379-M	79	87.1551951221913	0.403132277369005	5.5741736064368	0.0935709582286838	79
	FBtr0070396	18	19.444265272504	0.639102078159459	5.35811061727394	0.0742771841601201	18
	FBtr0070418	69	74.5746602240425	0.647497121608497	5.26490414405292	0.0747527405058862	69
	FBtr0070419-M	16	17.3078080683495	0.60827498441264	5.4093203306372	0.0755617385624406	16
	FBtr0070439-M	110	121.401390797678	0.509920922067895	5.16949531109899	0.0939148285103184	110
	FBtr0070460	1	1.08743732760875	0.558587333956084	5.38573200419294	0.0804067741550003	1
	FBtr0070477-M	1	1.08743732760875	0.558587333956084	5.38573200419294	0.0804067741550003	1
	FBtr0070484	48	51.5303711838739	0.584268888631861	5.79170463890929	0.0685104939624168	48
	FBtr0070485	3	3.2720940260193	0.57717460923167	5.28793707342622	0.0831559312952619	3
	FBtr0070487	17	18.4990756403317	0.67664493320846	5.08361231855898	0.0810351646470076	17
	FBtr0070495	4	4.33556541669227	0.585473793702714	5.4539675963208	0.0773983055128898	4
	FBtr0070519-M	43	46.2682162724563	0.626155298409943	5.51412243074387	0.0706363144239444	43
	FBtr0070638	32	35.1803831872098	0.501691981622962	5.26584043572381	0.0904021758457167	32
	FBtr0070804-M	38	40.5747134601245	0.683742472399668	5.6798688217248	0.0634561094967394	38
	FBtr0070914	25	26.7857963695792	0.637900735344138	5.79504523270412	0.066669526824573	25
	FBtr0071147	1	1.08743732760875	0.558587333956084	5.38573200419294	0.0804067741550003	1
	FBtr0071331-M	17	18.5501938177053	0.513798335038748	5.43328542943276	0.0835675267298666	17
	FBtr0071511	12	13.3914952024967	0.47727893676091	5.07082570945836	0.103908875107334	12
	FBtr0071548	16	17.3801999356355	0.636038913385736	5.20142305269823	0.0794122012834627	16
	FBtr0071569	78	85.8679370876286	0.380693846080088	5.74924182188484	0.0916283464408763	78
	FBtr0071610	8	8.63893826809199	0.623307842500338	5.51903021195353	0.0739602770923729	8
	FBtr0071687	11	12.3550243224371	0.451842847403251	5.04615966478543	0.109673950214436	11
	FBtr0071764-M	3	3.25348384819755	0.585305976322586	5.43094120475174	0.0779115127121297	3
	FBtr0071911-M	133	146.077257130125	0.500945839885483	5.3258044828476	0.0895228825283568	133
	FBtr0071982	265	291.940124322456	0.489118235436354	5.3081725231885	0.0922796220114623	265
	FBtr0072047-M	1	1.08743732760875	0.558587333956084	5.38573200419294	0.0804067741550003	1
	FBtr0072143-M	96	104.822125558837	0.487785991220095	5.5375218541618	0.0841628187923425	96
	FBtr0072152	31	33.4571747054499	0.607798471617186	5.47937219626284	0.0734423849916307	31
	FBtr0072156	52	56.6327950767478	0.570823381701781	5.29814182490578	0.0818041043262922	52
	FBtr0072368-M	1	1.08743732760875	0.558587333956084	5.38573200419294	0.0804067741550003	1
	FBtr0072405-M	5048	5593.77938857149	0.553357604236299	4.97385789093822	0.0975689870227192	5048
	FBtr0072565-M	164	179.941126179103	0.512626877685769	5.31400683821032	0.0885907880960792	164
	FBtr0072578	129	141.871724972859	0.353417044118648	5.93604451897314	0.0907279091399027	129
	FBtr0072856-M	9	9.75333407802187	0.572223766826548	5.47991979449792	0.0772386213776299	9
	FBtr0072864-M	68	75.9981862879957	0.408499848541882	5.20497470846531	0.105241804820006	68
	FBtr0072903	17	18.3576629622914	0.597476065240282	5.52893300745299	0.0739561982960554	17
	FBtr0073454	32	34.854450232262	0.655399360162549	5.06815645656167	0.081896291958146	32
	FBtr0073460	57	63.0392993415855	0.376731557149197	5.61037807405883	0.0958021330291271	57
	FBtr0073516-M	22	24.2884841927836	0.44734313931232	5.34306603457467	0.0942209556849801	22
	FBtr0073540	56	60.1011449156172	0.679564812199098	5.39772140134553	0.0682373841858627	56
	FBtr0073555	3	3.25180793300508	0.585305976322586	5.57269995992886	0.0774362871955915	3
	FBtr0073558-M	230	254.066350131677	0.475609199988566	5.28860304241641	0.0947246658961497	230
	FBtr0073610-M	1591	1714.72646411754	0.599390466094648	5.46861939315625	0.0721552193347737	1591
	FBtr0073754-M	12	13.0313019881738	0.649037160231021	5.19356092290819	0.0791403644171356	12
	FBtr0073817	9	9.97779068247227	0.46810720851807	5.21167859661286	0.0979967122571465	9
	FBtr0073841	19	21.4534338945585	0.404617815787965	5.03033762203809	0.114360894699511	19
	FBtr0073842	51	55.6302432568999	0.5108741142241	5.46731743349141	0.0832324826536799	51
	FBtr0074110-M	633	680.55041394875	0.578020488010372	5.63648249443247	0.069870523879118	633
	FBtr0074112-M	287	303.996294581188	0.681706476025288	5.74320623616915	0.055909545228514	287
	FBtr0074173	16	17.2756068544554	0.574162069105441	5.6502427226647	0.0738386133235275	16
	FBtr0074179	319	342.332792497072	0.593848839739555	5.64240926834439	0.0681582162400392	319
	FBtr0074372-M	6	6.58268685915992	0.49828076490259	5.34370463037105	0.0885180886812359	6
	FBtr0074406	3057	3237.28367095401	0.692208982350726	5.62644467762054	0.055689797150487	3057
	FBtr0074463	39	43.1745050786982	0.428924081194843	5.34590428048285	0.0966891240811902	39
	FBtr0074602	32	34.7638661521046	0.546980977758803	5.4617796858759	0.0795039924504278	32
	FBtr0074727-M	32	36.0170103800488	0.41624124671096	5.02784261108582	0.111530922129895	32
	FBtr0074884-M	22	23.7625982083501	0.61207511325356	5.4462194295717	0.0741753150432333	22
	FBtr0075039	17	18.5450035582498	0.556218683344531	5.29738964078994	0.0833110413485226	17
	FBtr0075058	90	95.8952573598588	0.682347462894082	5.6271460607878	0.0614760054059408	90
	FBtr0075122	2	2.17487465521751	0.558587333956084	5.38573200419294	0.0804067741550003	2
	FBtr0075311-M	8	8.64677300413297	0.597039217609034	5.55925045075396	0.0747993504425092	8
	FBtr0075318-M	11	12.2130328462365	0.46336345764073	5.18564343018889	0.0993228186240624	11
	FBtr0075360	254	267.381733088907	0.730704224654648	5.79963531143066	0.0500472973015612	254
	FBtr0075492	16	17.2163180058273	0.671476406076214	5.44175484823738	0.0706491367907832	16
	FBtr0075517	37	39.5658062698784	0.718177175383931	5.46010176023548	0.0648490833821767	37
	FBtr0075526-M	47	51.5635727891085	0.495668933737838	5.34968230963136	0.0885038127162592	47
	FBtr0075552-M	22	23.7106253926967	0.612599268057813	5.54676137300991	0.0721459415078788	22
	FBtr0075627-M	105	112.287488830301	0.532743647434967	6.14886017968608	0.0649002743423615	105
	FBtr0075743-M	3	3.29886747702252	0.524776126542871	5.26197791196484	0.090596993999975	3
	FBtr0075749	25	27.6898038792558	0.712793012330796	4.75884763617034	0.0971405897631102	25
	FBtr0075756	19	20.3755653831828	0.631373492533522	5.8968726288275	0.067510538103555	19
	FBtr0075970	59	62.8796722128883	0.703974275011643	5.59511627812498	0.0616999433418338	59
	FBtr0076004	2	2.17487465521751	0.558587333956084	5.38573200419294	0.0804067741550003	2
	FBtr0076253-M	15	16.2277447864421	0.5902133083627	5.47360231092735	0.0756571416792219	15
	FBtr0076279-M	23	25.2243374890422	0.532810277561451	5.22913947637603	0.088182196658623	23
	FBtr0076495	1	1.08743732760875	0.558587333956084	5.38573200419294	0.0804067741550003	1
	FBtr0076497	2	2.17487465521751	0.558587333956084	5.38573200419294	0.0804067741550003	2
	FBtr0076543-M	68	77.9476345450534	0.304921889694274	5.04642852839037	0.127619453792452	68
	FBtr0076571	2	2.17487465521751	0.558587333956084	5.38573200419294	0.0804067741550003	2
	FBtr0076669-M	92	100.008028671742	0.492793415901336	5.6628821880584	0.0800738578502253	92
	FBtr0076689	2	2.17487465521751	0.558587333956084	5.38573200419294	0.0804067741550003	2
	FBtr0076772-M	27	29.7570345043121	0.508883040493825	5.18358902292411	0.0926515209004644	27
	FBtr0076926	3	3.25400684262416	0.582177470472454	5.42980397760399	0.0780597137341344	3
	FBtr0076934	494	534.165665967543	0.60522986746425	5.36221738559838	0.0751932752824725	494
	FBtr0076984-M	1	1.08743732760875	0.558587333956084	5.38573200419294	0.0804067741550003	1
	FBtr0077014	917	1011.65990106229	0.474334316871439	5.34817218057985	0.09356889698098	917
	FBtr0077062-M	2	2.17487465521751	0.558587333956084	5.38573200419294	0.0804067741550003	2
	FBtr0077074	67	71.3941810257961	0.650559665930118	5.81388295695575	0.0615481676890224	67
	FBtr0077192	35	38.9041792011028	0.482187407360448	5.07815273875883	0.100353722434843	35
	FBtr0077221-M	110	121.761384403921	0.46857049626399	5.240472400217	0.0965937145138273	110
	FBtr0077342	94	103.011420051654	0.551470457605951	5.20080357439963	0.0874798158023151	94
	FBtr0077478	5	5.51519942054272	0.601391132887379	5.1420232863319	0.093414468137585	5
	FBtr0077557	1	1.08743732760875	0.558587333956084	5.38573200419294	0.0804067741550003	1
	FBtr0077673	1	1.08743732760875	0.558587333956084	5.38573200419294	0.0804067741550003	1
	FBtr0077773-M	1	1.08743732760875	0.558587333956084	5.38573200419294	0.0804067741550003	1
	FBtr0077867-M	113	120.30427675742	0.644304841745782	5.79725650583899	0.0607150215627689	113
	FBtr0077906-M	508	537.701107592283	0.668152288472258	5.79152887564964	0.0552372073869784	508
	FBtr0077941-M	65	72.6310309433841	0.467073115983849	5.02094546655255	0.105065711504667	65
	FBtr0078045-M	1	1.08743732760875	0.558587333956084	5.38573200419294	0.0804067741550003	1
	FBtr0078115-M	92	97.9745609638474	0.681586502035232	5.65034573716943	0.0609807372962052	92
	FBtr0078212-M	1	1.08743732760875	0.558587333956084	5.38573200419294	0.0804067741550003	1
	FBtr0078283	45	55.1072762190342	0.487741965582397	4.07064547516802	0.183410919800517	45
	FBtr0078405-M	23	24.7381536982549	0.649345064923253	5.49909526518779	0.0702620623776574	23
	FBtr0078800-M	1	1.08743732760875	0.558587333956084	5.38573200419294	0.0804067741550003	1
	FBtr0079002-M	2922	3195.73588904237	0.57661892480307	5.17819410274433	0.0856566057229471	2922
	FBtr0079179-M	142	150.033259604781	0.721729611430064	5.76535526542198	0.053543191862542	142
	FBtr0079219	7	7.58144270150782	0.58256918402263	5.48088011599293	0.0766928834524044	7
	FBtr0079230	1	1.08743732760875	0.558587333956084	5.38573200419294	0.0804067741550003	1
	FBtr0079236-M	1757	1900.70952447583	0.544193186898722	5.58730236978198	0.0756083571030997	1757
	FBtr0079291-M	92	99.1896020950332	0.496574048685316	5.96620445362981	0.072483425108862	92
	FBtr0079295-M	78	83.1642740164102	0.716778586951246	5.48227739839772	0.0620972656526911	78
	FBtr0079299	22	24.1237639953725	0.543425384645296	5.20340209053463	0.0880361785905343	22
	FBtr0079312-M	5	5.41553634756582	0.570185999504149	5.59205035601717	0.0767304142926859	5
	FBtr0079320-M	2	2.17487465521751	0.558587333956084	5.38573200419294	0.0804067741550003	2
	FBtr0079323	5	5.48191552857371	0.504421104104751	5.34506119165346	0.087910061010936	5
	FBtr0079345-M	65	70.9523838775458	0.574591668294171	5.22381520887184	0.0838926552181651	65
	FBtr0079350	15	16.3338128423983	0.5140311404956	5.50868244198915	0.0816596134208219	15
	FBtr0079358-M	28	30.6200063453292	0.580054753547197	5.16575297466179	0.0855651796992164	28
	FBtr0079362	6	6.48572555385542	0.608974680190707	5.60792676401302	0.0748914751051533	6
	FBtr0079364	19	20.4167071631119	0.613606533403416	5.77480734901093	0.0693896009671698	19
	FBtr0079365	21	22.8324949447138	0.529995749835116	5.49980705769821	0.0802581999536606	21
	FBtr0079374-M	7	7.63214129266633	0.616275060267565	5.20349676521144	0.082826204131434	7
	FBtr0079389	10	10.7762450974789	0.636627385750018	5.62754861372101	0.0720329846302855	10
	FBtr0079417	15	16.1390094091278	0.610609697643322	5.76180570047675	0.0705749268901005	15
	FBtr0079423	111	119.447844957257	0.439687926907584	6.36022889141962	0.0707241303539597	111
	FBtr0079424	29	30.918543166895	0.681407291640059	5.97453807054819	0.0620515383450933	29
	FBtr0079427	25	27.5180087210807	0.428701282940837	5.50978055089289	0.0915040309276343	25
	FBtr0079444-M	76	83.07625914254	0.497787355829794	5.45889392702988	0.0851778741071953	76
	FBtr0079451-M	1	1.08743732760875	0.558587333956084	5.38573200419294	0.0804067741550003	1
	FBtr0079466	153	163.072519912303	0.644661327646142	5.71344177823253	0.0617671200378796	153
	FBtr0079467	28	29.9879754035553	0.686393060039777	5.55699301541978	0.0662924181043455	28
	FBtr0079468	1	1.08743732760875	0.558587333956084	5.38573200419294	0.0804067741550003	1
	FBtr0079469	39	42.2758318751798	0.558593389669664	5.49391018426929	0.077487106223048	39
	FBtr0079488	45	52.5045952771482	0.330243153001503	4.69289150333575	0.142932161223886	45
	FBtr0079489-M	60	64.534703398728	0.523468169649588	5.97584784610664	0.0702676724290548	60
	FBtr0079496	6	6.635690898689	0.494824475380748	5.20772554849393	0.09579875078488	6
	FBtr0079540	8	8.63293485397143	0.620294457832999	5.66645078688618	0.0733163014290862	8
	FBtr0079549	8	8.69277855620767	0.558383382123525	5.41507445757967	0.079695870742381	8
	FBtr0079550	12	13.0615171368948	0.615365278592503	5.20961971825249	0.0812705848615666	12
	FBtr0079586	24	25.8358306776037	0.576876000821168	5.77478809867955	0.0710575440949587	24
	FBtr0079589	1	1.08743732760875	0.558587333956084	5.38573200419294	0.0804067741550003	1
	FBtr0079594	2	2.17487465521751	0.558587333956084	5.38573200419294	0.0804067741550003	2
	FBtr0079598	44	50.2127369612508	0.328469457164388	5.04234906030082	0.123728307541673	44
	FBtr0079599	16	17.395296209793	0.548363857998083	5.42998579554355	0.0802111210390038	16
	FBtr0079600	43	45.8924824102111	0.64910602652664	5.83988123267701	0.0630273687170926	43
	FBtr0079601	121	132.533434640408	0.457251628466503	5.57389172968152	0.087022830666851	121
	FBtr0079602-M	1	1.08743732760875	0.558587333956084	5.38573200419294	0.0804067741550003	1
	FBtr0079605	359	410.422932811633	0.658674689569882	4.20604362439013	0.125292542644624	359
	FBtr0079612	3	3.27635818045473	0.524776126542871	5.37964821438669	0.0843491966486942	3
	FBtr0079613	223	237.998462027874	0.655078502186804	5.59148200636678	0.0630191552503282	223
	FBtr0079628-M	234	256.324664154169	0.394276018599653	5.87448862649986	0.087095263453623	234
	FBtr0079631	222	237.997006630253	0.594843862680348	5.68544451287671	0.0672151589498989	222
	FBtr0079632	40	43.3993951355487	0.585781946880086	5.36285205113858	0.0783281685132119	40
	FBtr0079634-M	39	43.7605775924979	0.435739188614198	5.02553373850705	0.108786900319936	39
	FBtr0079637	3	3.26231198282626	0.558587333956084	5.38573200419294	0.0804067741550003	3
	FBtr0079639	23	24.7315343986262	0.620755641065915	5.63692260922106	0.070013221610801	23
	FBtr0079641-M	59	62.8731714778548	0.5779607205202	6.23777682931252	0.0616029283526594	59
	FBtr0079642	9	9.77240935386381	0.596365123250386	5.32046286850438	0.0790398074716765	9
	FBtr0079650	46	50.1663573089247	0.583498086344979	5.22055754269758	0.0830508239469774	46
	FBtr0079651	27	29.3429409384328	0.510962767834909	5.59817327481556	0.0798468341448362	27
	FBtr0079652-M	23	24.9487681834022	0.643268089214509	5.20778924853159	0.0781107976584872	23
	FBtr0079654-M	44	47.2127810562741	0.545149379214846	6.04251681277739	0.0680489686139155	44
	FBtr0079682	47	49.8726133980196	0.707829425963347	5.93832591490043	0.0575990148158876	47
	FBtr0079696	42	45.0388437919687	0.652091593899855	5.5629989926625	0.0674716208525449	42
	FBtr0079697	24	26.3480961468998	0.461149380142411	5.4498137548065	0.0891182472467205	24
	FBtr0079708	60	65.4280216444131	0.536632881555336	5.38122883500434	0.0829617266117748	60
	FBtr0079712-M	5	5.49160879970416	0.517817279219416	5.26912149207675	0.0895199963498211	5
	FBtr0079723	8	8.64152348809116	0.614132092665294	5.53256120697935	0.0742373134754813	8
	FBtr0079727-M	825	871.374378720972	0.627861071747739	6.04158788538706	0.0532198098239263	825
	FBtr0079750	32	34.5116712383039	0.640638995198157	5.3875710439247	0.0727774445045193	32
	FBtr0079751	1	1.08743732760875	0.558587333956084	5.38573200419294	0.0804067741550003	1
	FBtr0079753-M	1	1.08743732760875	0.558587333956084	5.38573200419294	0.0804067741550003	1
	FBtr0079762	19	20.4710604828928	0.686508984670303	5.31175004408349	0.0718604922359617	19
	FBtr0079768	1	1.08743732760875	0.558587333956084	5.38573200419294	0.0804067741550003	1
	FBtr0079774	73	77.9911930373339	0.604760197224114	5.88012600035835	0.0639968801983144	73
	FBtr0079783	2	2.17487465521751	0.558587333956084	5.38573200419294	0.0804067741550003	2
	FBtr0079787-M	15	16.2306003947629	0.584998505139813	5.48598792563108	0.0758197703616696	15
	FBtr0079788	81	86.4836330051644	0.676474359887568	5.57685474131895	0.0634065986200762	81
	FBtr0079805	1	1.08743732760875	0.558587333956084	5.38573200419294	0.0804067741550003	1
	FBtr0079810	5	5.47715099521378	0.585552169498679	5.20438269419179	0.0871166406824892	5
	FBtr0079818-M	71	75.6269649510029	0.61899246450852	5.97927258669694	0.0611814179506028	71
	FBtr0079825-M	3	3.26843462614038	0.585305976322586	5.29276250630733	0.0821294157127954	3
	FBtr0079829	1	1.08743732760875	0.558587333956084	5.38573200419294	0.0804067741550003	1
	FBtr0079835-M	12	12.9416273792969	0.649037160231021	5.43026306282304	0.0727595805148309	12
	FBtr0079842-M	9	9.75175922958769	0.585069609797297	5.43643725965575	0.0770896011569674	9
	FBtr0079848	188	222.564309723022	0.558567160923589	4.02408421242878	0.155300325402744	188
	FBtr0079852-M	102	113.393595645637	0.405916744805083	5.36237194928699	0.100478299332203	102
	FBtr0079863-M	1	1.08743732760875	0.558587333956084	5.38573200419294	0.0804067741550003	1
	FBtr0079869-M	107	114.646950173817	0.594348807009706	5.75187979893483	0.06669998776438	107
	FBtr0079870-M	60	65.7306643151024	0.507006819583358	5.35490735199074	0.0871840316055611	60
	FBtr0079883-M	10	10.7806780177684	0.636627385750018	5.56337671618647	0.0724145565317615	10
	FBtr0079891	10	10.9862836916127	0.480754444364675	5.35914516607946	0.0897740964367851	10
	FBtr0079901-M	22	23.7439593635951	0.626716393085033	5.42637846509515	0.0734485490347063	22
	FBtr0079911	9	9.75993994304593	0.558430330127046	5.50465727120431	0.0778631782040213	9
	FBtr0079913-M	1	1.08743732760875	0.558587333956084	5.38573200419294	0.0804067741550003	1
	FBtr0079917	7	7.7459675165408	0.560532326793602	5.10287905783787	0.0963039820329549	7
	FBtr0079929-M	7	7.7245873516423	0.485586181698453	5.25816436952212	0.0938027261078544	7
	FBtr0079944-M	51	54.2167900069708	0.789332617033629	5.42038183945013	0.0593319893442085	51
	FBtr0079947	18	19.3064907258554	0.68165335064059	5.61559569188261	0.0676710617380977	18
	FBtr0079950-M	10	10.7835872165735	0.636627385750018	5.53099949203375	0.0726648007602912	10
	FBtr0079952-M	361	382.486863951488	0.736343046642557	5.49156105880314	0.0561767369721039	361
	FBtr0079954-M	32	35.112811265998	0.547343668016127	5.17486873163474	0.0886517243639894	32
	FBtr0079958	20	21.7612026409514	0.513136809396824	5.54270887246013	0.0809331483195262	20
	FBtr0079959	2	2.17487465521751	0.558587333956084	5.38573200419294	0.0804067741550003	2
	FBtr0079960	50	54.7891942795485	0.450330182125155	5.56743341923986	0.0874112923638344	50
	FBtr0079962	12	12.9531930271859	0.608245345610609	5.54073844860011	0.0735874950049268	12
	FBtr0079971	1	1.08743732760875	0.558587333956084	5.38573200419294	0.0804067741550003	1
	FBtr0079984	10	10.8025494086836	0.636627385750018	5.39880095557067	0.0742925931945746	10
	FBtr0079985	17	18.2494610563448	0.67664493320846	5.58218115752101	0.0684656413954955	17
	FBtr0079987	51	57.3019495641165	0.369262304048017	5.21841945823534	0.109977925917949	51
	FBtr0079988	860	1240.81833896146	0.293485101405303	2.95365237493579	0.306909018833651	860
	FBtr0079989-M	4	4.34846853115933	0.549612355917295	5.43200135137001	0.0801359211093174	4
	FBtr0079992	83	89.7896164112057	0.64473579749161	5.24115289973743	0.075616944169931	83
	FBtr0079998-M	13	14.0061736014176	0.598991217835368	5.74216043781809	0.0718378645053874	13
	FBtr0080003	59	64.0125880724721	0.544481604938587	5.51381064737438	0.0783062866759437	59
	FBtr0080004-M	5	5.4365883772539	0.564131269699831	5.37165466042774	0.0803055789694387	5
	FBtr0080005-M	20	21.638173464126	0.575515720931775	5.51941118918928	0.0757075668536399	20
	FBtr0080006	1	1.08743732760875	0.558587333956084	5.38573200419294	0.0804067741550003	1
	FBtr0080018-M	12	12.9816807444054	0.59814905982667	5.45393245199676	0.0756204657727727	12
	FBtr0080019	42	45.5059293451534	0.666620322549553	5.15566811434951	0.0770433522752966	42
	FBtr0080020-M	170	180.371559804727	0.691561985526869	5.68521515378786	0.057501081744571	170
	FBtr0080024	5	5.43895552033851	0.543538743370876	5.4298524606024	0.0807058485212972	5
	FBtr0080026	28	30.3354525210933	0.573447188198898	5.46197872269448	0.0769875616481855	28
	FBtr0080032-M	11	11.9336153407202	0.56300808781276	5.46144445012273	0.0782340735866121	11
	FBtr0080038	23	24.6569489381033	0.704535467931514	5.46946426365198	0.0672000798745516	23
	FBtr0080044	5	5.41223267995656	0.601391132887379	5.48197714157561	0.0761668435806914	5
	FBtr0080047	103	108.922665462345	0.667027931003852	6.05898076113974	0.0543749589417859	103
	FBtr0080064-M	126	135.674353786075	0.601992666372262	5.52655980451535	0.0713056927570016	126
	FBtr0080071	39	42.3922373024913	0.504947222165568	5.61391939299696	0.0800202470628258	39
	FBtr0080074	98	105.587371802591	0.625558752347759	5.42588599962182	0.0718587050047638	98
	FBtr0080086	106	111.571260128736	0.796669964918519	5.70174309960994	0.0499345451714672	106
	FBtr0080087	39	41.7159297789083	0.596560792344991	5.99708593041139	0.0651053396940344	39
	FBtr0080110	23	25.3219264107014	0.562126342626909	5.07412444610212	0.0916962782784208	23
	FBtr0080111	6	6.5928874168006	0.502689500673613	5.29448811584454	0.0899283393327405	6
	FBtr0080112	17	18.4148865706646	0.627078697430965	5.29931052600029	0.0768338466400644	17
	FBtr0080113	23	24.9542963114016	0.574232320245027	5.40870383373808	0.0783150238746133	23
	FBtr0080119	33	35.7332276028993	0.604598775841518	5.3669795463102	0.0764898047630484	33
	FBtr0080122	92	98.8647540347881	0.671377836367003	5.34910605329585	0.0694358075515215	92
	FBtr0080162	1	1.08743732760875	0.558587333956084	5.38573200419294	0.0804067741550003	1
	FBtr0080165-M	104	110.538974986175	0.638835618020587	5.9161961182806	0.0591553792406087	104
	FBtr0080168-M	44	47.8718002030186	0.484139170353602	5.67087472176019	0.0808785169264312	44
	FBtr0080187-M	71	77.4137622606734	0.507274997270274	5.49901962476919	0.0828504141043613	71
	FBtr0080191	58	62.9887063437253	0.586375490917074	5.32814124347073	0.079200012721364	58
	FBtr0080200	21	23.2382116850132	0.417127393775045	5.40358712217437	0.0963160038023333	21
	FBtr0080202-M	14	15.1063110535952	0.605354112472069	5.55906384515303	0.0732350240684267	14
	FBtr0080212	5	5.40909896704926	0.601391132887379	5.63628549133699	0.07563162913849	5
	FBtr0080222	37	41.4980086081521	0.419186750403781	5.08310570309747	0.108390950771273	37
	FBtr0080226	36	39.1497285472305	0.593490294970068	5.26903167381317	0.0804533942918821	36
	FBtr0080230	89	98.1756584131928	0.403108902358223	5.58268982935782	0.0934616437668806	89
	FBtr0080232-M	102	118.049235848594	0.175072141832881	5.42200032442849	0.135953746190936	102
	FBtr0080239	63	67.506890938711	0.684504632057186	5.42933727066493	0.0667619390560107	63
	FBtr0080246	12	13.2980446623714	0.497827290964549	5.12975801399815	0.0976116936984251	12
	FBtr0080248	14	16.0709919399249	0.448312320882637	4.80877417654548	0.128865221740292	14
	FBtr0080286-M	3	3.25194444734216	0.585305976322586	5.53776062977713	0.0774750157703586	3
	FBtr0080290	93	99.5114559680896	0.668596534107485	5.50802429368495	0.065434234729493	93
	FBtr0080306	203	229.468251385509	0.451374637612767	4.87864975099207	0.115346028157255	203
	FBtr0080308	89	95.0791629264683	0.659479528162258	5.61165227676617	0.0639379096255799	89
	FBtr0080309	9	9.7907962292753	0.579961367017767	5.30980320257385	0.0807693481466553	9
	FBtr0080312	10	10.9380652092842	0.495504221313372	5.42953630389469	0.0857615301550776	10
	FBtr0080313	56	60.8190591304826	0.575568177601589	5.36479172986389	0.0792360026508081	56
	FBtr0080325	16	17.2390318531381	0.623126486746915	5.55670279733237	0.0718736332581548	16
	FBtr0080330	40	45.85788829121	0.324982776628607	4.9728811226983	0.127740035782085	40
	FBtr0080342	32	35.4575410300646	0.423825487612677	5.33871420987805	0.0975121491682956	32
	FBtr0080358	46	50.3236366935392	0.511454933722978	5.37339943738691	0.085916618464386	46
	FBtr0080364	43	46.485425563486	0.631679372350523	5.32396451024935	0.0749788890009376	43
	FBtr0080367	9	10.0632832474653	0.48826546774151	5.05639269698934	0.105659676004165	9
	FBtr0080396-M	2	2.17487465521751	0.558587333956084	5.38573200419294	0.0804067741550003	2
	FBtr0080397-M	30	32.4035328937896	0.535918810338614	5.76092850288469	0.0741750259660812	30
	FBtr0080398	106	113.349466205141	0.654515770787542	5.57649854825831	0.0648390014633144	106
	FBtr0080406	5	5.41147257848525	0.585540732125227	5.61550364969203	0.0760370809456139	5
	FBtr0080411	226	239.053648871154	0.685668965804669	5.80627446045947	0.0546055202787973	226
	FBtr0080430	76	83.8714640736719	0.482270613189305	5.2545960508576	0.0938515162529855	76
	FBtr0080435	60	65.3358370100621	0.552700288749498	5.36541768374984	0.0816678450027414	60
	FBtr0080436	20	21.4011318844222	0.681093111891869	5.85707875207593	0.0654699897177913	20
	FBtr0080437	5	5.50903422843877	0.504421104104751	5.25088053779374	0.0923999030194851	5
	FBtr0080438-M	27	29.4276079722924	0.473228547492471	5.65607775005855	0.0824942338017452	27
	FBtr0080439-M	325	348.72008498147	0.501312888151933	6.07776086442486	0.0680204152357061	325
	FBtr0080444	9	9.74068212361342	0.630087475412428	5.33873322262814	0.0760400672369598	9
	FBtr0080445	44	47.0290986374487	0.686891506804094	5.57488497964826	0.0644090302644385	44
	FBtr0080460-M	18	19.4436050878454	0.554462453929562	5.71058605994569	0.0742457523346771	18
	FBtr0080465	52	54.9660673857958	0.743806923032962	6.03479095900799	0.0539617900072344	52
	FBtr0080470	93	101.447884675621	0.45019474794561	5.73389928299037	0.0832731476130142	93
	FBtr0080471	23	24.6020450466674	0.679979311140929	5.77401054675066	0.065118368966016	23
	FBtr0080472-M	193	211.763449956313	0.509477111879034	5.32830061642521	0.0886057058485943	193
	FBtr0080483	28	29.9531921400341	0.702255966780515	5.56425525354001	0.0652081464607438	28
	FBtr0080484	35	37.2829374290269	0.668823476573052	5.9905381477962	0.0612327672242229	35
	FBtr0080488	16	17.3734522701088	0.539216878875411	5.51649787595538	0.0790546546970319	16
	FBtr0080492	22	24.1224187504404	0.523810519956736	5.26098379155363	0.0879853207258362	22
	FBtr0080493	13	14.2398088180635	0.478834560777561	5.45095564843727	0.0870663949147079	13
	FBtr0080499	6	6.77573207725791	0.506165909386331	5.02167196447916	0.114486828642705	6
	FBtr0080500-M	24	26.7561200468305	0.36859789854608	5.41994314899931	0.103008958025547	24
	FBtr0080519	16	17.4053773832244	0.524354246300814	5.50369190044123	0.0807438616400797	16
	FBtr0080522-M	34	36.7053909184807	0.620192881269011	5.41877385017315	0.0737055470813298	34
	FBtr0080525-M	13	14.0469206431578	0.633839926269586	5.37902048903196	0.0745302596742255	13
	FBtr0080541	23	24.7533274929536	0.594966132039967	5.70488391832574	0.0708319919191757	23
	FBtr0080570	168	187.92740675622	0.534538043728141	4.82474760159856	0.106037789272906	168
	FBtr0080629	12	13.1238938459318	0.536283058575994	5.29024844421714	0.0856372246778103	12
	FBtr0080696	21	23.214702914823	0.501062224355245	5.14350641771953	0.0954008725827316	21
	FBtr0080705-M	87	92.2801936152271	0.786252206458125	5.42170899595977	0.0572191432242054	87
	FBtr0080725-M	22	23.513401856176	0.700226037960152	5.80767569840278	0.0643633730853993	22
	FBtr0080738-M	212	225.056623193457	0.616445663052939	5.97926782235509	0.0580148364806565	212
	FBtr0080760	25	27.6368096381395	0.415436124024485	5.43693932886998	0.0954093353272106	25
	FBtr0080765	3	3.27116328159467	0.545880151788889	5.34750768808867	0.0828950615581856	3
	FBtr0080833	65	70.1912283973315	0.673173786210377	5.21134825427472	0.0739583636853531	65
	FBtr0080838-M	15	16.1640709096747	0.666139966921383	5.38825175186628	0.0720159492110345	15
	FBtr0080843	32	34.3095863441463	0.632768023062607	5.69869356448986	0.0673160649906904	32
	FBtr0080846-M	23	24.8080043582915	0.704535467931514	5.21293167263797	0.0728798790978618	23
	FBtr0080848	125	135.718322953067	0.517166290657568	5.5978582879091	0.0789747671489685	125
	FBtr0080855-M	14	15.0681152613221	0.616651589254939	5.71923530467094	0.0708857904786385	14
	FBtr0080871	7	7.56285308414443	0.616275060267565	5.5464513523326	0.0744233793625388	7
	FBtr0080889-M	319	339.827740391052	0.669851910935786	5.57587616325878	0.0612891118514484	319
	FBtr0080891	39	41.8252906429714	0.656692137361512	5.54966353043605	0.067549814945426	39
	FBtr0080892	4	4.41694273815423	0.514397328861839	5.21687021858912	0.0943962289917445	4
	FBtr0080908-M	1	1.08743732760875	0.558587333956084	5.38573200419294	0.0804067741550003	1
	FBtr0080928	2	2.17487465521751	0.558587333956084	5.38573200419294	0.0804067741550003	2
	FBtr0080957	19	20.5466075228469	0.544914338519463	5.68765789600413	0.0752731331012735	19
	FBtr0080968	48	52.2909499956915	0.53161106486454	5.42799944646204	0.0820591325276185	48
	FBtr0080979	1	1.08743732760875	0.558587333956084	5.38573200419294	0.0804067741550003	1
	FBtr0081011	154	164.897563699135	0.620750695752346	5.63774551776793	0.0660868690517352	154
	FBtr0081042-M	25	27.2177291988955	0.500233587962523	5.57487449743112	0.0814810516589852	25
	FBtr0081143	127	133.701173499418	0.637783986764985	6.44960236926702	0.0501205286687148	127
	FBtr0081155	2	2.17487465521751	0.558587333956084	5.38573200419294	0.0804067741550003	2
	FBtr0081177	59	62.574790327657	0.730373418401171	5.75190814370461	0.057128282954502	59
	FBtr0081180	57	61.0797039512146	0.658413774079746	5.53591484951045	0.0667931192736809	57
	FBtr0081513-M	299	317.920554344456	0.603518235312038	5.94266883450521	0.0595134667636371	299
	FBtr0081618-M	169	180.18732239018	0.662583674453543	5.61597575757543	0.0620871781753579	169
	FBtr0081666-M	3	3.25829476321882	0.572504904346827	5.38759718773484	0.0792729884768471	3
	FBtr0081758	50	56.292939642275	0.343852265069586	5.26848214290252	0.111789145890493	50
	FBtr0081987-M	430	469.080993977335	0.457233753276864	5.71654010564002	0.0833139574596009	430
	FBtr0082003-M	16	17.6319672074018	0.464572528050782	5.32964086456564	0.0925572959730029	16
	FBtr0082052-M	19	20.8305541687888	0.462570772587541	5.48883426249941	0.0878783230612088	19
	FBtr0082194	1	1.08743732760875	0.558587333956084	5.38573200419294	0.0804067741550003	1
	FBtr0082255-M	2	2.17487465521751	0.558587333956084	5.38573200419294	0.0804067741550003	2
	FBtr0082434	31	33.5529987090828	0.630510052910487	5.2989542067934	0.0760885407357565	31
	FBtr0082483	9	9.99927862792418	0.46810720851807	5.17609590654771	0.0999350718294391	9
	FBtr0082660-M	193	215.077659772986	0.469589405748246	5.10245899400582	0.102649711719428	193
	FBtr0082662	7	7.95304841163838	0.485586181698453	4.97235126595911	0.119834353107131	7
	FBtr0082703	43	47.0037412409724	0.468886981508583	5.56670444725954	0.0851792035116219	43
	FBtr0082780-M	6	6.48642103614436	0.607046609413659	5.59065622544942	0.0749906664143248	6
	FBtr0082832-M	67	74.8542528773592	0.416768864656771	5.18382054141737	0.10492727634631	67
	FBtr0083126	50	54.5970561623025	0.579222229221874	5.20075995161395	0.0841997075563324	50
	FBtr0083196-M	18	19.3992414214923	0.68165335064059	5.31872213150065	0.07212866684272	18
	FBtr0083238	105	112.244021653419	0.661910225941921	5.56005123713632	0.0645381513127422	105
	FBtr0083538	2	2.17487465521751	0.558587333956084	5.38573200419294	0.0804067741550003	2
	FBtr0083739-M	19	23.9163599027555	0.686508984670303	4.27339604776048	0.205564723174661	19
	FBtr0083917-M	117	125.964480759613	0.584966170452445	5.60361797777174	0.0711667345076507	117
	FBtr0084064-M	16	17.6691441754025	0.62713024541064	4.9533657889784	0.0944666113328898	16
	FBtr0084589	1669	1830.6380841131	0.547216093586508	5.21561918403798	0.0882960348721286	1669
	FBtr0084660-M	38	40.7415641318925	0.603461485695598	5.80825267309604	0.067291577785705	38
	FBtr0084692	24	25.9069902831746	0.597236077739811	5.52621739404213	0.0736091017262284	24
	FBtr0084869	2	2.17487465521751	0.558587333956084	5.38573200419294	0.0804067741550003	2
	FBtr0084958	7	7.57662539032598	0.606377345303621	5.42268788990451	0.0761058334838927	7
	FBtr0084960	1	1.08743732760875	0.558587333956084	5.38573200419294	0.0804067741550003	1
	FBtr0084982	25	27.2843140690068	0.574831641506174	5.23018205084598	0.0837226130453346	25
	FBtr0084994-M	312	342.991369085174	0.550978360154184	5.14041376466158	0.0903561193619359	312
	FBtr0085175	29	32.5860077770969	0.408549728488	5.08272013107584	0.110047471958727	29
	FBtr0085298-M	203	225.57796718189	0.427053048173601	5.32280626268246	0.100089416816515	203
	FBtr0085484-M	18	19.7485540144338	0.466758161832071	5.44685630917759	0.088540862949047	18
	FBtr0085593-M	4839	5473.47741626174	0.52285886389266	4.68949716879223	0.115918522725006	4839
	FBtr0085595-M	28	30.2873251000682	0.4665917650264	6.0934161419617	0.0755208686310523	28
	FBtr0085609-M	28	31.0633357158891	0.433004793849581	5.27291312791108	0.0986158004377538	28
	FBtr0085612	11	11.8967467995085	0.642940067236068	5.32245321585207	0.075377480467644	11
	FBtr0085614	5	5.45301713335711	0.532447635584445	5.38171176799318	0.0830764184814162	5
	FBtr0085616	10	10.988025468465	0.498201369724676	5.29398607749784	0.0899183817238629	10
	FBtr0085640	4	4.34211736290916	0.593507617276863	5.34597439798144	0.0787904458390652	4
	FBtr0085713	502	535.707247144578	0.550814099941003	6.02662922842372	0.0629210213680031	502
	FBtr0085744	121	129.160270219885	0.666948389946578	5.58274541736619	0.0631794142733902	121
	FBtr0085874-M	313	332.746853140941	0.63054481134173	5.82101070765948	0.059344973377034	313
	FBtr0085875	140	151.263771013923	0.623918876790641	5.33440565482555	0.0744644334755255	140
	FBtr0086029	1085	1155.64910148426	0.596269811951244	5.86040290039676	0.0611336965464052	1085
	FBtr0086031-M	24	26.119278184737	0.708722752549556	4.99889166950192	0.0811384667580662	24
	FBtr0086112-M	84	89.0917594987819	0.645497565347899	6.05383174528277	0.0571518570003264	84
	FBtr0086133	1	1.08743732760875	0.558587333956084	5.38573200419294	0.0804067741550003	1
	FBtr0086461	2	2.17487465521751	0.558587333956084	5.38573200419294	0.0804067741550003	2
	FBtr0086744-M	25	27.4581785943002	0.463582494111581	5.42592665833372	0.0895244593831306	25
	FBtr0087184	121	135.795655877898	0.473464134514582	4.93198714009371	0.10895529597207	121
	FBtr0087232-M	88	97.5452823318282	0.429907317402352	5.33768806372036	0.0978548844561976	88
	FBtr0087387-M	60	65.890899709829	0.509817468308039	5.27868953699504	0.0894038438657141	60
	FBtr0087568-M	496	524.227696505829	0.629413759349734	6.03361885732251	0.0538462517222511	496
	FBtr0087647	89	96.7705086845747	0.531935530620049	5.49109105675116	0.0802983139202338	89
	FBtr0087702	9	9.7088133137463	0.612210789456648	5.68244856077479	0.0730072039538261	9
	FBtr0087782-M	2045	2258.29967444783	0.560404509461372	5.02005739105535	0.0944514480789562	2045
	FBtr0088010	172	188.770024859578	0.530248996406563	5.24455390779705	0.088838388785788	172
	FBtr0088095-M	1	1.08743732760875	0.558587333956084	5.38573200419294	0.0804067741550003	1
	FBtr0088154	23	25.3331733655367	0.409875067845172	5.58225264314729	0.0920995302037742	23
	FBtr0088272-M	38	40.6384834738298	0.712587832241552	5.47227579434604	0.0649257365996177	38
	FBtr0088410-M	62	67.0319905423022	0.513297208783774	5.78305377655539	0.0750684934401078	62
	FBtr0088422-M	17	18.4037510726263	0.62376257256258	5.32883741098111	0.0762752694864618	17
	FBtr0088651	4	4.34640843977112	0.547279987914874	5.46721493373267	0.0796999280144423	4
	FBtr0088679-M	91	99.2717574373497	0.487405449248155	5.56721406073937	0.0833243779588572	91
	FBtr0088831	12	13.7841646375931	0.649037160231021	4.75351025716896	0.129435818890848	12
	FBtr0088903-M	318	339.67141244115	0.697906340009579	5.38058060547845	0.0638011079160353	318
	FBtr0089015-M	20	22.0766676088582	0.486365947356198	5.21532308878405	0.0940661718358698	20
	FBtr0089204	114	126.829169795296	0.457327197927342	5.16229833872843	0.101153148096789	114
	FBtr0089304-M	16	17.1935483516877	0.64206852948179	5.6856346012396	0.0694183845750794	16
	FBtr0089498-M	66	71.2218308312552	0.553637489608556	5.67342188138402	0.073317840475447	66
	FBtr0089505-M	60	64.5555315160869	0.6708620773896	5.33520855378799	0.0705676401247148	60
	FBtr0089735-M	179	185.498051483891	0.792061775255472	6.64492961634386	0.0350302950996521	179
	FBtr0089747	3	3.25796347899886	0.585305976322586	5.35539818939397	0.079179364858359	3
	FBtr0089853-M	43	46.9573099023166	0.516830760128352	5.40649170696956	0.0842746296699877	43
	FBtr0089931-M	2	2.17487465521751	0.558587333956084	5.38573200419294	0.0804067741550003	2
	FBtr0089991	200	211.485200471037	0.698795788666488	5.7764386841572	0.0543073484359955	200
	FBtr0090006-M	1	1.08743732760875	0.558587333956084	5.38573200419294	0.0804067741550003	1
	FBtr0090027-M	113	119.856259330958	0.653873318880556	5.93346946062926	0.0572040156202937	113
	FBtr0100153-M	260	278.6352266895	0.632784766367409	5.53422329184681	0.0668803686845606	260
	FBtr0100220-M	15	16.5557825649749	0.471286420715317	5.26935138367021	0.0939721549778189	15
	FBtr0100265-M	3	3.29886747702252	0.524776126542871	5.26197791196484	0.090596993999975	3
	FBtr0100410-M	181	193.61946776735	0.625241874086757	5.6447807400272	0.0651766473323531	181
	FBtr0100411-M	7	7.60682210546774	0.534427592104823	5.51654544460922	0.0797734056422271	7
	FBtr0100456-M	6	6.53435992546174	0.565769815988853	5.32067158785706	0.0817769347812558	6
	FBtr0100565-M	2	2.17487465521751	0.558587333956084	5.38573200419294	0.0804067741550003	2
	FBtr0110966-M	64	69.2774321882958	0.50978639333718	5.74881868410321	0.0761782303644249	64
	FBtr0110978-M	31	33.2008851999083	0.735010525252727	5.35749369775413	0.0662899554230679	31
	FBtr0111000-M	61	66.5217665911764	0.582114505748673	5.22538982732284	0.0830069144902842	61
	FBtr0111009-M	15	16.1657921340235	0.652840506792031	5.42925577632079	0.0721147546843643	15
	FBtr0112790-M	3240	3502.46265093495	0.546140770581024	5.59923608108909	0.074936602354599	3240
	FBtr0112795-M	106	115.276788616368	0.453280746375288	5.82955838331335	0.0804740375552978	106
	FBtr0112801-M	6	6.60534689257142	0.494824475380748	5.28253933547955	0.091644981318424	6
	FBtr0112805-M	1	1.08743732760875	0.558587333956084	5.38573200419294	0.0804067741550003	1
	FBtr0112809-M	1	1.08743732760875	0.558587333956084	5.38573200419294	0.0804067741550003	1
	FBtr0112813-M	100	107.004158286326	0.634792368380573	5.6365875125892	0.0654568794194312	100
	FBtr0113026	1	1.08743732760875	0.558587333956084	5.38573200419294	0.0804067741550003	1
	FBtr0113028-M	16	17.5436954192613	0.566898046287113	5.15346346146368	0.0879914625949576	16
	FBtr0113031	6	6.48606832913587	0.608974680190707	5.59111399098658	0.0749403651750662	6
	FBtr0113033-M	4	4.33324531437909	0.593507617276863	5.47468127421811	0.0769043269425057	4
	FBtr0113035	1	1.08743732760875	0.558587333956084	5.38573200419294	0.0804067741550003	1
	FBtr0114586	29	32.0146269156635	0.507517244346529	5.15066016218284	0.0941640495641252	29
	FBtr0273273	23	24.7420688195663	0.681772893459526	5.37459570829222	0.0704091817167967	23
	FBtr0273339-M	5	5.45949538512622	0.504421104104751	5.4734204546275	0.0841644424461029	5
	FBtr0273342-M	1	1.08743732760875	0.558587333956084	5.38573200419294	0.0804067741550003	1
	FBtr0273420-M	1	1.08743732760875	0.558587333956084	5.38573200419294	0.0804067741550003	1
	FBtr0289952	6	6.48882889302396	0.608974680190707	5.50619858630041	0.0753339163480632	6
	FBtr0290076-M	310	332.297971934846	0.577367985609485	5.75341234181472	0.0671023413264107	310
	FBtr0290078-M	37	39.6783265517451	0.689646280220541	5.43319852896372	0.0675009957451781	37
	FBtr0290229-M	1	1.08743732760875	0.558587333956084	5.38573200419294	0.0804067741550003	1
	FBtr0290291-M	1	1.08743732760875	0.558587333956084	5.38573200419294	0.0804067741550003	1
	FBtr0290323-M	2	2.17487465521751	0.558587333956084	5.38573200419294	0.0804067741550003	2
	FBtr0299780-M	3	3.28887640547773	0.546979583899709	5.26518020870827	0.0878343755930124	3
	FBtr0299823-M	11	11.8443936352212	0.641642790669184	5.66284249838278	0.0712905752059973	11
	FBtr0300056	3	3.26033367096804	0.585305976322586	5.33533655976723	0.0798487815177353	3
	FBtr0300183-M	44	50.7692138595155	0.297095668379276	4.9501944784657	0.133333044672441	44
	FBtr0300185-M	6	6.56518907506343	0.534164586833076	5.29352215415121	0.0860887734688693	6
	FBtr0300273	2	2.17487465521751	0.558587333956084	5.38573200419294	0.0804067741550003	2
	FBtr0300442-M	40	44.1635607226396	0.450391521698704	5.33595250141767	0.0942759291712914	40
	FBtr0300868-M	67	71.7018695444857	0.616059263936308	5.75552138804533	0.065575271249637	67
	FBtr0301093-M	7	7.76010296381476	0.485586181698453	5.18451032285493	0.0979501132084344	7
	FBtr0301128-M	1	1.08743732760875	0.558587333956084	5.38573200419294	0.0804067741550003	1
	FBtr0301152-M	30	32.1457238750604	0.638162021165305	5.72717309391022	0.06674990065242	30
	FBtr0301163-M	11	12.0330840732529	0.503798632686192	5.39111976316309	0.0858536404269997	11
	FBtr0301171-M	38	40.6691624600801	0.571851255805853	6.11106236728417	0.0656311145502464	38
	FBtr0301229-M	56	61.9834579301289	0.476029297777731	5.19463550712971	0.0965331417436213	56
	FBtr0301247	38	41.5693192863944	0.520552409530852	5.33966044733512	0.0858642707570786	38
	FBtr0301330	13	13.9890907165991	0.654929523368903	5.5631224630444	0.070704432234864	13
	FBtr0301354-M	4	4.33356605393087	0.588845763501017	5.49092796300357	0.0769726478792907	4
	FBtr0301496-M	5	5.42499653275536	0.590366556982814	5.36905980961222	0.078340424770651	5
	FBtr0301914-M	1	1.08743732760875	0.558587333956084	5.38573200419294	0.0804067741550003	1
	FBtr0301931-M	112	120.561899705821	0.597648065368588	5.5591643826022	0.0710166290238698	112
	FBtr0302029	2	2.17487465521751	0.558587333956084	5.38573200419294	0.0804067741550003	2
	FBtr0302043-M	1	1.08743732760875	0.558587333956084	5.38573200419294	0.0804067741550003	1
	FBtr0302285-M	6	6.48606837480705	0.608974680190707	5.59111393206454	0.0749403716888055	6
	FBtr0302439-M	42	45.2960080240258	0.609038621694683	5.48939224520413	0.0727659713915079	42
	FBtr0302490-M	1	1.08743732760875	0.558587333956084	5.38573200419294	0.0804067741550003	1
	FBtr0302948-M	11	11.8625005357975	0.642940067236068	5.47216396702997	0.0727081556873025	11
	FBtr0303220-M	1	1.08743732760875	0.558587333956084	5.38573200419294	0.0804067741550003	1
	FBtr0303874	84	89.156238758827	0.639243571966503	6.04215119057943	0.0578337403036366	84
	FBtr0304650-M	153	167.231196388372	0.505192100769246	5.44489802060146	0.085098933068216	153
	FBtr0304887-M	63	67.2145976959341	0.648441884498316	5.77034191982894	0.0627036066629478	63
	FBtr0304963-M	2189	2433.45684048758	0.534646944897683	4.96923498315338	0.1004566164562	2189
	FBtr0305261	33	35.1169989725065	0.704865516253479	5.93886063923415	0.0602841653457893	33
	FBtr0305555-M	60	63.8635587599594	0.654141083877251	5.88872530306641	0.060497079006843	60
	FBtr0306114-M	5	5.43718663804377	0.558587333956084	5.38573200419294	0.0804067741550003	5
	FBtr0306345-M	1	1.08743732760875	0.558587333956084	5.38573200419294	0.0804067741550003	1
	FBtr0306592-M	142	154.325189851194	0.513569362352339	5.58182319217499	0.0798650554914472	142
	FBtr0306814-M	122	131.834791531337	0.531511908380776	5.69854323794298	0.0745993634692359	122
	FBtr0307033-M	1	1.08743732760875	0.558587333956084	5.38573200419294	0.0804067741550003	1
	FBtr0307059-M	493	534.302720467075	0.532964870742613	5.58401057967734	0.0773020965174374	493
	FBtr0307068-M	1430	1560.3675298585	0.580708188189059	5.21746984888532	0.0835492455231491	1430
	FBtr0307074-M	1	1.08743732760875	0.558587333956084	5.38573200419294	0.0804067741550003	1
	FBtr0307092-M	28	30.9661771296419	0.443484111504943	5.31266572615844	0.0957876433123745	28
	FBtr0307093-M	1	1.08743732760875	0.558587333956084	5.38573200419294	0.0804067741550003	1
	FBtr0307291-M	2	2.17487465521751	0.558587333956084	5.38573200419294	0.0804067741550003	2
	FBtr0307296-M	683	751.007471795199	0.523378098548863	5.2400709912471	0.0905549869332658	683
	FBtr0308328-M	70	75.7339258155004	0.579704156522775	5.46995938688968	0.0757114563091464	70
	FBtr0308617-M	133	143.004715495739	0.613422266604231	5.52824465717183	0.0699607384347933	133
	FBtr0309209-M	41	45.5726199204582	0.490222491920346	5.05622673347784	0.100336999023518	41
	FBtr0309504-M	643	682.765649233544	0.613073385310566	5.91022938080922	0.058242018001615	643
	FBtr0309842-M	2	2.17487465521751	0.558587333956084	5.38573200419294	0.0804067741550003	2
	FBtr0309960-M	8	8.63439979059794	0.623307842500338	5.60178618121326	0.0734735251996025	8
	FBtr0310083-M	1	1.08743732760875	0.558587333956084	5.38573200419294	0.0804067741550003	1
	FBtr0310149	2	2.17487465521751	0.558587333956084	5.38573200419294	0.0804067741550003	2
	FBtr0310412	37	40.0054310093278	0.546144913027464	5.6499235479461	0.0751255750407242	37
	FBtr0310625-M	25	26.7989485014895	0.712793012330796	5.42594547403146	0.0671275778372245	25
	FBtr0321259-M	13	15.5635140924899	0.436670744625038	4.5975907268463	0.164713063981285	13
	FBtr0329925-M	3	3.27253290241265	0.556305005213463	5.31608469637042	0.0832788884144533	3
	FBtr0329944-M	51	54.5643800376203	0.627940434813019	5.75543431918792	0.0653243019560163	51
	FBtr0329948-M	9	9.78991190701057	0.537537801392891	5.4534103403293	0.0806863140867403	9
	FBtr0329967-M	64	69.0815631290162	0.553483703521533	5.66500420166803	0.0735588903731937	64
	FBtr0329998-M	77	82.8468293252681	0.610095180577461	5.54408668404449	0.0705739661117589	77
	FBtr0330197-M	51	56.874554775206	0.457901605289223	5.0836389532706	0.103289683733348	51
	FBtr0330225-M	71	75.3302471481842	0.765148553554875	5.529299561665	0.0574835117647497	71
	FBtr0330623-M	115	125.907677672124	0.509874765878633	5.37488018329825	0.0866323473976619	115
	FBtr0330658-M	120	126.242467870171	0.850033312067582	5.47486328058387	0.0494482401642429	120
	FBtr0331197-M	27	29.4364802821752	0.603563858429923	5.1773566747165	0.0827707748623264	27
	FBtr0331282-M	7	7.55821275051607	0.616275060267565	5.74479525435786	0.0738551254035494	7
	FBtr0331325-M	121	129.337965720215	0.641449158196449	5.63412384426905	0.0644664980911477	121
	FBtr0331348-M	4	4.36245780622437	0.533731789187822	5.37856127456858	0.0830856875468729	4
	FBtr0331632-M	5	5.46488398434304	0.56593270223727	5.25503624548039	0.0850674937793628	5
	FBtr0331645-M	4	4.36916881378231	0.593507617276863	5.24141502671019	0.0844940604303925	4
	FBtr0331669-M	104	115.136957504	0.537438270179239	5.0128615033762	0.0967279120921107	104
	FBtr0331672-M	1	1.08743732760875	0.558587333956084	5.38573200419294	0.0804067741550003	1
	FBtr0331927-M	6015	6468.04108942006	0.520796201797106	5.87352266272904	0.0700430135116346	6015
	FBtr0331932-M	6478	6936.81540887282	0.619024456042305	5.57309352241599	0.0661420813196144	6478
	FBtr0331990-M	36	38.9391884532588	0.590691760795776	5.45283682909347	0.0754815025687273	36
	FBtr0331995-M	7	7.57662539032598	0.606377345303621	5.42268788990451	0.0761058334838927	7
	FBtr0332065-M	394	429.801103878446	0.56214879056995	5.28989482353784	0.0832969100250879	394
	FBtr0332102-M	147	165.282199708431	0.422425643335791	5.06196119651989	0.110612030458706	147
	FBtr0332187-M	43	46.2914310726566	0.535088391908794	5.90656969054958	0.0711023832356907	43
	FBtr0332189-M	60	63.9778322139079	0.65038805896856	5.80177420241551	0.0621751640569525	60
	FBtr0332194-M	97	104.210938939984	0.693309019765311	5.27977899019163	0.0691956047352835	97
	FBtr0332206-M	1	1.08743732760875	0.558587333956084	5.38573200419294	0.0804067741550003	1
	FBtr0332315-M	19	20.5556039983527	0.626412701184694	5.34013146691443	0.0756778540040651	19
	FBtr0332325-M	15	16.2852547207952	0.529130924999738	5.56966678124221	0.0789213765968313	15
	FBtr0332360-M	7	7.63995785969744	0.525365874099603	5.38244537186561	0.0837645797856246	7
	FBtr0332410-M	58	62.0877465789223	0.570269576886347	5.99001660413767	0.0658382177508446	58
	FBtr0332414-M	31	34.002043100995	0.544016907200971	5.1936996687908	0.088290079866028	31
	FBtr0332415-M	7	7.65724984435705	0.519593967205234	5.33956329185066	0.0858336684470871	7
	FBtr0332505-M	98	107.18167964102	0.564633974067643	5.20799250755851	0.0856646366409964	98
	FBtr0332522-M	1	1.08743732760875	0.558587333956084	5.38573200419294	0.0804067741550003	1
	FBtr0332873-M	2795	3005.78733804463	0.574611250202452	5.63220060862354	0.0701271628157687	2795
	FBtr0332882-M	114	124.843114365791	0.505800754785968	5.38330289471237	0.0868539239899198	114
	FBtr0332921-M	78	84.1176682420274	0.639047488596384	5.35590758692268	0.0727275062407266	78
	FBtr0332966-M	2068	2184.10517477514	0.695078080663572	5.71120039783744	0.0531591500794319	2068
	FBtr0333092-M	2	2.17487465521751	0.558587333956084	5.38573200419294	0.0804067741550003	2
	FBtr0333094-M	48	52.2211695314867	0.598166369418718	5.24018202050917	0.0808325353368716	48
	FBtr0333095-M	389	420.685810711131	0.552890535119468	5.56629671868013	0.0753194186834334	389
	FBtr0333098-M	49	52.3948555889863	0.655229511725583	5.6689076862811	0.064793681570904	49
	FBtr0333115-M	22	23.6472648279304	0.609476701291409	5.72788529743384	0.0696598460717026	22
	FBtr0333229-M	29	31.1500591155565	0.617630719057123	5.67716357366945	0.0690226335552214	29
	FBtr0333305-M	191	208.010385680457	0.5480906520128	5.38378032430163	0.081776617185777	191
	FBtr0333322-M	139	148.819485214998	0.510214816829258	6.18039695252212	0.0659825237321027	139
	FBtr0333324-M	218	231.602504134477	0.711965338122135	5.52772938115687	0.0587321116639525	218
	FBtr0333335-M	287	311.733534641142	0.511793968953869	5.60757483504412	0.0793419118979742	287
	FBtr0333349-M	6	6.57505076253112	0.608974680190707	5.16515063398739	0.087459516785502	6
	FBtr0333383-M	2	2.17487465521751	0.558587333956084	5.38573200419294	0.0804067741550003	2
	FBtr0333414-M	25	27.8805325043992	0.47624376353496	5.03875923332457	0.103316983057791	25
	FBtr0333415-M	1	1.08743732760875	0.558587333956084	5.38573200419294	0.0804067741550003	1
	FBtr0333425-M	54	58.3947282024171	0.559647574449418	5.57302081333727	0.0752589889139208	54
	FBtr0333487-M	148	159.682403841531	0.587640615722359	5.51258957658476	0.0731602453400229	148
	FBtr0333556-M	1	1.08743732760875	0.558587333956084	5.38573200419294	0.0804067741550003	1
	FBtr0333569-M	571	611.197963549167	0.615773354569078	5.61950962399511	0.065769138554947	571
	FBtr0334113-M	1634	1811.82029806879	0.568578512116075	4.90973236218205	0.0981445556484433	1634
	FBtr0334157-M	64	68.5161476274871	0.620546709590232	5.7239478100265	0.0659136245084993	64
	FBtr0334265-M	32	34.9752713536481	0.539128801991588	5.29967089213338	0.0850678561879913	32
	FBtr0334311-M	757	820.225853002723	0.567917831818597	5.44735314134432	0.077083467646457	757
	FBtr0334496-M	1	1.08743732760875	0.558587333956084	5.38573200419294	0.0804067741550003	1
	FBtr0334588-M	1	1.08743732760875	0.558587333956084	5.38573200419294	0.0804067741550003	1
	FBtr0334646-M	281	305.56988905806	0.558587333956084	5.38573200419294	0.0804067741550003	281
	FBtr0334686-M	3367	3700.33866401261	0.61922336040628	4.92928009961307	0.0900832854177564	3367
	FBtr0334916-M	2	2.17487465521751	0.558587333956084	5.38573200419294	0.0804067741550003	2
	FBtr0335138-M	28	30.779804170162	0.523066013559482	5.20161194230053	0.090312600911762	28
	FBtr0335142-M	128	140.03307430791	0.592215023728663	5.11310276288025	0.085930230178703	128
	FBtr0335144-M	1	1.08743732760875	0.558587333956084	5.38573200419294	0.0804067741550003	1
	FBtr0335152-M	1	1.08743732760875	0.558587333956084	5.38573200419294	0.0804067741550003	1
	FBtr0335190-M	6	6.48882933001682	0.608974680190707	5.50619809227812	0.0753339786200775	6
	FBtr0335472-M	1	1.08743732760875	0.558587333956084	5.38573200419294	0.0804067741550003	1
	FBtr0335503-M	188	199.697994650601	0.704954946541133	5.57446363698878	0.0585784282464521	188
	FBtr0336798-M	165	179.077581866459	0.449667229238384	5.91944980068772	0.0786116370331433	165
	FBtr0336850-M	2	2.17487465521751	0.558587333956084	5.38573200419294	0.0804067741550003	2
	FBtr0336884-M	4	4.34094051995623	0.579819803063313	5.39614106840346	0.0785407029626072	4
	FBtr0337001-M	3	3.30568013576031	0.524776126542871	5.24151722689551	0.0924711778533896	3
	FBtr0337004-M	14	15.5464949836092	0.502237431074057	5.08004976719754	0.099475475677297	14
	FBtr0337091-M	55	58.8784889844796	0.662675148622982	5.56564120601714	0.0658727669710064	55
	FBtr0339526-M	11	11.8507007988499	0.642940067236068	5.56862850449349	0.0717848516547219	11
	FBtr0339599-M	50	53.8206276831905	0.522973744715222	5.95964221871851	0.0709881665758379	50
	FBtr0339663-M	28	30.1418412597436	0.604982219421032	5.61686969775429	0.0710587399517675	28
	FBtr0339671-M	101	109.53447413393	0.528582261147706	5.58908737785454	0.0779158726182826	101
	FBtr0339790-M	20	21.4625607433983	0.652951408041191	5.66481736276338	0.0681447456752432	20
	FBtr0339900-M	222	244.370631710205	0.575702744647184	5.02720136615326	0.0915438633261545	222
	FBtr0339956-M	154	168.346523006581	0.554737932137673	5.25757428689283	0.0852201919609581	154
	FBtr0340246-M	4	4.34602066491246	0.572271941059144	5.37276632671011	0.0796178139938573	4
	FBtr0340262-M	13	14.0314338085333	0.623618206748107	5.47095793053542	0.0735087962219544	13
	FBtr0340450-M	417	452.478361617155	0.530096855258489	5.56084053065458	0.0784089685313479	417
	FBtr0340541-M	16	17.4751813888957	0.467017992868477	5.61442089820603	0.0844157983866798	16
	FBtr0340545-M	1	1.08743732760875	0.558587333956084	5.38573200419294	0.0804067741550003	1
	FBtr0340549-M	65	71.7641993867225	0.592175595492705	4.92002376782401	0.0942559025883036	65
	FBtr0342580-M	38	40.7150878087433	0.743936092357093	5.28565475576988	0.0666850534990187	38
	FBtr0342594-M	7	7.60148863652747	0.600371378200086	5.31107795256411	0.0791277426420306	7
	FBtr0342602-M	120	136.21819229072	0.50535924132354	4.65159329030339	0.119060398746936	120
	FBtr0342637-M	4459	5046.97495468815	0.463124771960691	4.8619359864814	0.116500470077026	4459
	FBtr0342655-M	18	20.1605670426875	0.462847173337647	5.01858183969606	0.107167969934218	18
	FBtr0342766-M	101	110.027159078744	0.624224799722397	5.11778660725337	0.0820448256078649	101
	FBtr0342979-M	8	8.63610029386662	0.613125276476448	5.63177348013832	0.0736559641761427	8
	FBtr0343382-M	426	451.511577422795	0.650351611950992	5.82964453781933	0.0565025986009351	426
	FBtr0343403-M	33	35.2946730095166	0.613785451326232	5.96840249744498	0.0650147122456099	33
	FBtr0343407-M	86	93.2251994207744	0.546310715096847	5.53283091838953	0.0775026437665557	86
	FBtr0343421-M	3	3.26843462614038	0.585305976322586	5.29276250630733	0.0821294157127954	3
	FBtr0343426-M	108	120.783356628769	0.382889827882663	5.30640662990588	0.105837070483633	108
	FBtr0343563-M	2	2.17487465521751	0.558587333956084	5.38573200419294	0.0804067741550003	2
	FBtr0343569-M	1	1.08743732760875	0.558587333956084	5.38573200419294	0.0804067741550003	1
	FBtr0343574	5	5.5163315313047	0.504421104104751	5.23169896473016	0.0936005257070868	5
	FBtr0343585-M	33	35.8428965280572	0.586574859097707	5.32823204004094	0.0793154795911059	33
	FBtr0343607-M	41	43.6741264058631	0.737116080275232	5.57242304868468	0.0612290760211772	41
	FBtr0343622-M	2	2.17487465521751	0.558587333956084	5.38573200419294	0.0804067741550003	2
	FBtr0343641-M	1	1.08743732760875	0.558587333956084	5.38573200419294	0.0804067741550003	1
	FBtr0343687-M	23	25.0919036533397	0.553116178057942	5.30523274561651	0.0833696670543867	23
	FBtr0343722-M	164	184.813098533753	0.559378230369842	4.63423945571625	0.112617009827102	164
	FBtr0343737-M	7	7.6263262697081	0.537791023687691	5.39456860228718	0.0821268652242009	7
	FBtr0343738-M	2	2.17487465521751	0.558587333956084	5.38573200419294	0.0804067741550003	2
	FBtr0343747-M	10	11.0525310127355	0.459831254154261	5.29348161945614	0.0952298628723752	10
	FBtr0343774-M	10	10.9506764847737	0.559415752884904	5.2094740628288	0.0868144069542739	10
	FBtr0343775-M	3	3.27635818045473	0.524776126542871	5.37964821438669	0.0843491966486942	3
	FBtr0343814-M	276	296.341729250398	0.536501188848274	5.8849030806756	0.0686428107909487	276
	FBtr0343875-M	93	98.5091876062637	0.726924256448175	5.70765329175869	0.0559256221692095	93
	FBtr0344007-M	42	46.3342662581227	0.44954327481852	5.36227079934669	0.093543431420216	42
	FBtr0344082-M	41	45.0345004251252	0.482904833107291	5.35928241233627	0.0895868808810923	41
	FBtr0344131-M	1	1.08743732760875	0.558587333956084	5.38573200419294	0.0804067741550003	1
	FBtr0344711-M	96	106.725426200599	0.459255035679722	5.16587511003681	0.100495510605315	96
	FBtr0344788-M	12	12.9992787320869	0.622973605193567	5.3180418372672	0.0768718597917505	12
	FBtr0344976-M	82	88.4754266554805	0.644380921935946	5.32011543437496	0.0731889847866522	82
	FBtr0344982-M	34	36.4639181774	0.622852856572237	5.71702465414879	0.0675714048449994	34
	FBtr0344987-M	21	22.4719905132022	0.683879277361924	5.7751116307944	0.0655033434771784	21
	FBtr0345332-M	3900	4201.26574862986	0.665501422096849	5.23016683208114	0.0717083295023902	3900
	FBtr0345422-M	59	62.6179375899289	0.782451305556385	5.49187068706918	0.0577779743181893	59
	FBtr0345615-M	1	1.08743732760875	0.558587333956084	5.38573200419294	0.0804067741550003	1
	FBtr0345779-M	3	3.25626370075882	0.585305976322586	5.37487820027594	0.0786986940581951	3
	FBtr0345894-M	6017	6372.44821563791	0.619798111895586	5.93947802836567	0.0557789100216844	6017
	FBtr0346117-M	11	11.9986076156124	0.596108145140169	5.20734721975455	0.0832269582941425	11
	FBtr0346141-M	7	7.56739060278793	0.615493202432929	5.4782144350656	0.0749783687099344	7
	FBtr0346150-M	1956	2109.44195074404	0.645375976756505	5.27600911472694	0.0727405419665222	1956
	FBtr0346349-M	5718	6146.34607088348	0.62644406626863	5.43302645746883	0.0696911735758986	5718
	FBtr0346420-M	39	42.2769148556018	0.548534016567629	5.53320477345106	0.0775107376400155	39
	FBtr0346428-M	242	253.276734419321	0.792666907217813	5.80170349028509	0.044523372607337	242
	FBtr0346441-M	12	12.9599843461406	0.647007976642648	5.36377486725859	0.0740729556842749	12
	FBtr0346462-M	4	4.33193053694665	0.593507617276863	5.54468108907089	0.0766241596248231	4
	FBtr0346463-M	151	162.510119140276	0.688013543733625	5.22465960268436	0.0708270918830668	151
	FBtr0346539-M	1372	1470.90900711244	0.550303468524216	5.84241935177408	0.0672434573683177	1372
	FBtr0346541-M	1010	1090.13155929871	0.611707635014445	5.38241452334552	0.0735063200539421	1010
	FBtr0346623-M	3	3.25375987211724	0.569283324211884	5.51537354793926	0.0779897355953671	3
	FBtr0347045-M	62	68.7386504237469	0.423247007933299	5.34257198693755	0.0980329171755014	62
	FBtr0347416-M	1	1.08743732760875	0.558587333956084	5.38573200419294	0.0804067741550003	1
