sample	gene	n.umis	n.tot	efficiency	depth	loss	n.obs
	AAC73112	10	10.2683083668019	0.82153506853661	71.8471287867576	0.026129753530715	10
	AAC73113	34	34.9122484471265	0.82153506853661	71.4941141511024	0.026129753530715	34
	AAC73114	14	14.3756317135227	0.82153506853661	71.2527344141739	0.026129753530715	14
	AAC73115	18	18.4829550602434	0.82153506853661	70.8085040554627	0.026129753530715	18
	AAC73117	2	2.05366167336038	0.82153506853661	72.0679399389022	0.026129753530715	2
	AAC73119	154	158.131948848749	0.82153506853661	73.8768025329381	0.026129753530715	154
	AAC73120	11	11.2951392034821	0.82153506853661	71.9075404808265	0.026129753530715	11
	AAC73121	2	2.05366167336038	0.82153506853661	73.1287326878404	0.026129753530715	2
	AAC73125	907	931.335568868933	0.82153506853661	74.3766744324438	0.026129753530715	907
	AAC73126	123	126.300192911664	0.82153506853661	69.6190968462417	0.026129753530715	123
	AAC73130	7	7.18781585676134	0.82153506853661	72.18588051482	0.026129753530715	7
	AAC73134	61	62.6366810374917	0.82153506853661	76.5110935235976	0.026129753530715	61
	AAC73136	33	33.8854176104463	0.82153506853661	70.3684403486406	0.026129753530715	33
	AAC73137	185	189.963704785835	0.82153506853661	69.3421645036663	0.026129753530715	185
	AAC73138	12	12.3219700401623	0.82153506853661	71.5553085558253	0.026129753530715	12
	AAC73139	32	32.8585867737661	0.82153506853661	67.8823809962549	0.026129753530715	32
	AAC73140	17	17.4561242235633	0.82153506853661	71.1865699043824	0.026129753530715	17
	AAC73141	10	10.2683083668019	0.82153506853661	72.140614552693	0.026129753530715	10
	AAC73142	4	4.10732334672077	0.82153506853661	71.7509852536459	0.026129753530715	4
	AAC73143	59	60.5830193641313	0.82153506853661	70.6104931734864	0.026129753530715	59
	AAC73144	115	118.085546218222	0.82153506853661	70.2432630132712	0.026129753530715	115
	AAC73150	2	2.05366167336038	0.82153506853661	71.0502236115151	0.026129753530715	2
	AAC73151	2	2.05366167336038	0.82153506853661	72.3006481723657	0.026129753530715	2
	AAC73157	2	2.05366167336038	0.82153506853661	72.0562801281274	0.026129753530715	2
	AAC73158	7	7.18781585676134	0.82153506853661	70.4791873684051	0.026129753530715	7
	AAC73159	4	4.10732334672077	0.82153506853661	72.0857809669102	0.026129753530715	4
	AAC73160	6	6.16098502008115	0.82153506853661	72.6956169855054	0.026129753530715	6
	AAC73161	4	4.10732334672077	0.82153506853661	72.3480415651469	0.026129753530715	4
	AAC73162	30	30.8049251004057	0.82153506853661	73.2627082091891	0.026129753530715	30
	AAC73163	30	30.8049251004057	0.82153506853661	71.8338551283034	0.026129753530715	30
	AAC73164	66	67.7708352208926	0.82153506853661	70.6307889225671	0.026129753530715	66
	AAC73165	61	62.6366810374917	0.82153506853661	76.0194136465505	0.026129753530715	61
	AAC73166	2	2.05366167336038	0.82153506853661	72.2599201649961	0.026129753530715	2
	AAC73169	1	1.02683083668019	0.82153506853661	72.05785089596	0.026129753530715	1
	AAC73170	32	32.8585867737661	0.82153506853661	71.8655055465964	0.026129753530715	32
	AAC73171	6	6.16098502008115	0.82153506853661	73.1344616408421	0.026129753530715	6
	AAC73174	4	4.10732334672077	0.82153506853661	70.6742962392404	0.026129753530715	4
	AAC73175	4	4.10732334672077	0.82153506853661	70.6122078278064	0.026129753530715	4
	AAC73176	2	2.05366167336038	0.82153506853661	72.4771362043003	0.026129753530715	2
	AAC73178	5	5.13415418340096	0.82153506853661	71.0193859459336	0.026129753530715	5
	AAC73179	4	4.10732334672077	0.82153506853661	72.6319858072226	0.026129753530715	4
	AAC73180	7	7.18781585676134	0.82153506853661	70.4893808877765	0.026129753530715	7
	AAC73182	2	2.05366167336038	0.82153506853661	71.2281794062444	0.026129753530715	2
	AAC73183	15	15.4024625502029	0.82153506853661	72.1465806717805	0.026129753530715	15
	AAC73184	6	6.16098502008115	0.82153506853661	72.4358642330389	0.026129753530715	6
	AAC73185	4	4.10732334672077	0.82153506853661	72.676206860835	0.026129753530715	4
	AAC73186	2	2.05366167336038	0.82153506853661	71.5958628878126	0.026129753530715	2
	AAC73189	4	4.10732334672077	0.82153506853661	72.3583864126709	0.026129753530715	4
	AAC73191	22	22.5902784069642	0.82153506853661	72.6452029140839	0.026129753530715	22
	AAC73192	17	17.4561242235633	0.82153506853661	71.092311176468	0.026129753530715	17
	AAC73193	18	18.4829550602434	0.82153506853661	70.5918707211581	0.026129753530715	18
	AAC73194	6	6.16098502008115	0.82153506853661	71.7220226964204	0.026129753530715	6
	AAC73195	28	28.7512634270454	0.82153506853661	74.1795164995454	0.026129753530715	28
	AAC73196	28	28.7512634270454	0.82153506853661	73.3039439782696	0.026129753530715	28
	AAC73197	42	43.126895140568	0.82153506853661	70.6392257666301	0.026129753530715	42
	AAC73198	15	15.4024625502029	0.82153506853661	72.3490268592624	0.026129753530715	15
	AAC73199	20	20.5366167336038	0.82153506853661	69.018103829961	0.026129753530715	20
	AAC73200	5	5.13415418340096	0.82153506853661	70.3591210293052	0.026129753530715	5
	AAC73201	11	11.2951392034821	0.82153506853661	73.6726050228798	0.026129753530715	11
	AAC73202	19	19.5097858969236	0.82153506853661	70.60168310848	0.026129753530715	19
	AAC73203	13	13.3488008768425	0.82153506853661	72.4296174373739	0.026129753530715	13
	AAC73204	23	23.6171092436444	0.82153506853661	72.0830373471182	0.026129753530715	23
	AAC73205	16	16.4292933868831	0.82153506853661	70.3629881777855	0.026129753530715	16
	AAC73206	27	27.7244325903652	0.82153506853661	69.992392376814	0.026129753530715	27
	AAC73207	88	90.3611136278568	0.82153506853661	72.1544697917334	0.026129753530715	88
	AAC73208	24	24.6439400803246	0.82153506853661	68.271566760781	0.026129753530715	24
	AAC73209	99	101.656252831339	0.82153506853661	71.5835205766615	0.026129753530715	99
	AAC73210	2	2.05366167336038	0.82153506853661	70.915944239786	0.026129753530715	2
	AAC73212	4	4.10732334672077	0.82153506853661	71.7640155242048	0.026129753530715	4
	AAC73213	6	6.16098502008115	0.82153506853661	72.8223037892196	0.026129753530715	6
	AAC73214	8	8.21464669344153	0.82153506853661	72.2770021309838	0.026129753530715	8
	ACO59989	23	23.6171092436444	0.82153506853661	74.4072443807028	0.026129753530715	23
